11:29:35     CPU    %usr   %nice    %sys %iowait    %irq   %soft  %steal  %guest  %gnice   %idle
11:29:36     all    7.47    0.00   11.49    0.00    0.00    0.00    0.00    0.00    0.00   81.03
11:29:37     all   12.90    0.00   21.94    0.00    0.00    0.65    0.00    0.00    0.00   64.52
11:29:38     all   11.11    0.00   23.53    0.00    0.00    0.00    0.00    0.00    0.00   65.36
11:29:39     all   11.69    0.00   23.38    0.00    0.00    0.00    0.00    0.00    0.00   64.94
11:29:40     all    0.51    0.00    2.05    0.00    0.00    0.00    0.00    0.00    0.00   97.44
11:29:41     all   11.46    0.00   19.11    0.00    0.00    0.00    0.00    0.00    0.00   69.43
11:29:42     all   13.73    0.00   20.92    0.00    0.00    0.00    0.00    0.00    0.00   65.36
11:29:43     all   11.54    0.00   23.08    0.00    0.00    0.64    0.00    0.00    0.00   64.74
11:29:44     all    9.15    0.00   15.24    0.00    0.00    0.00    0.00    0.00    0.00   75.61
11:29:45     all    2.12    0.00    4.76    0.00    0.00    0.00    0.00    0.00    0.00   93.12
11:29:46     all   13.07    0.00   22.22    0.00    0.00    0.00    0.00    0.00    0.00   64.71
11:29:47     all   11.69    0.00   23.38    0.00    0.00    0.00    0.00    0.00    0.00   64.94
11:29:48     all   12.99    0.00   21.43    0.00    0.00    0.65    0.00    0.00    0.00   64.94
11:29:49     all    4.40    0.00    7.69    0.00    0.00    0.00    0.00    0.00    0.00   87.91
11:29:50     all    5.26    0.00   12.28    0.00    0.00    0.00    0.00    0.00    0.00   82.46
11:29:51     all   13.25    0.00   20.53    0.00    0.00    0.00    0.00    0.00    0.00   66.23
11:29:52     all   13.64    0.00   22.08    0.00    0.00    0.00    0.00    0.00    0.00   64.29
11:29:53     all   11.54    0.00   23.72    0.00    0.00    0.64    0.00    0.00    0.00   64.10
11:29:54     all    0.00    0.00    1.52    0.00    0.00    0.00    0.00    0.00    0.00   98.48
11:29:55     all   11.46    0.00   21.02    0.00    0.00    0.00    0.00    0.00    0.00   67.52
11:29:56     all   13.64    0.00   21.43    0.00    0.00    0.00    0.00    0.00    0.00   64.94
11:29:57     all   11.61    0.00   23.23    0.00    0.00    0.65    0.00    0.00    0.00   64.52
11:29:58     all    8.43    0.00   15.06    0.00    0.00    0.00    0.00    0.00    0.00   76.51
11:29:59     all    3.21    0.00    4.81    0.00    0.00    0.00    0.00    0.00    0.00   91.98
11:30:00     all   16.94    0.00   28.42    0.00    0.00    0.00    0.00    0.00    0.00   54.64
11:30:01     all   12.34    0.00   23.38    0.00    0.00    0.00    0.00    0.00    0.00   64.29
11:30:02     all   17.84    0.00   27.57    0.00    0.00    1.08    0.00    0.00    0.00   53.51
11:30:03     all    5.29    0.00    9.52    0.00    0.00    0.00    0.00    0.00    0.00   85.19
11:30:04     all    7.60    0.00   11.11    0.00    0.00    0.00    0.00    0.00    0.00   81.29
11:30:05     all   12.42    0.00   22.88    0.00    0.00    0.00    0.00    0.00    0.00   64.71
11:30:06     all   16.92    0.00   31.79    0.00    0.00    0.00    0.00    0.00    0.00   51.28
11:30:07     all   18.65    0.00   29.53    0.00    0.00    0.00    0.00    0.00    0.00   51.81
11:30:08     all    0.50    0.00    1.49    1.00    0.00    0.50    0.00    0.00    0.00   96.52
11:30:09     all   17.95    0.00   28.72    0.00    0.00    0.00    0.00    0.00    0.00   53.33
11:30:10     all   16.67    0.00   31.77    0.00    0.00    0.00    0.00    0.00    0.00   51.56
11:30:11     all   17.95    0.00   30.77    0.00    0.00    0.00    0.00    0.00    0.00   51.28
11:30:12     all   12.89    0.00   20.62    0.00    0.00    0.00    0.00    0.00    0.00   66.49
11:30:13     all    5.53    0.00    9.05    0.00    0.00    0.00    0.00    0.00    0.00   85.43
11:30:14     all   14.38    0.00   20.26    0.00    0.00    0.00    0.00    0.00    0.00   65.36
11:30:15     all   11.69    0.00   23.38    0.00    0.00    0.00    0.00    0.00    0.00   64.94
11:30:16     all   11.69    0.00   23.38    0.00    0.00    0.00    0.00    0.00    0.00   64.94
11:30:17     all    3.26    0.00    7.07    0.00    0.00    0.00    0.00    0.00    0.00   89.67
11:30:18     all    7.65    0.00   12.35    0.00    0.00    0.59    0.00    0.00    0.00   79.41
11:30:19     all   13.46    0.00   21.79    0.00    0.00    0.00    0.00    0.00    0.00   64.74
11:30:20     all   11.76    0.00   23.53    0.00    0.00    0.00    0.00    0.00    0.00   64.71
11:30:21     all   14.46    0.00   25.30    0.00    0.00    0.00    0.00    0.00    0.00   60.24
11:30:22     all    0.00    0.00    0.50    0.00    0.00    0.00    0.00    0.00    0.00   99.50
11:30:23     all   16.75    0.00   31.41    0.52    0.00    0.00    0.00    0.00    0.00   51.31
11:30:24     all   18.03    0.00   27.32    0.00    0.00    0.00    0.00    0.00    0.00   54.64
11:30:25     all   13.55    0.00   21.29    0.00    0.00    0.65    0.00    0.00    0.00   64.52
11:30:26     all    8.88    0.00   12.43    0.00    0.00    0.00    0.00    0.00    0.00   78.70
11:30:27     all    3.26    0.00    6.52    0.00    0.00    0.00    0.00    0.00    0.00   90.22
11:30:28     all   12.90    0.00   21.94    0.00    0.00    0.65    0.00    0.00    0.00   64.52
11:30:29     all   11.69    0.00   23.38    0.00    0.00    0.00    0.00    0.00    0.00   64.94
11:30:30     all   14.29    0.00   21.43    0.00    0.00    0.00    0.00    0.00    0.00   64.29
11:30:31     all    5.61    0.00   10.20    0.51    0.00    0.00    0.00    0.00    0.00   83.67
11:30:32     all   11.73    0.00   19.90    0.00    0.00    0.51    0.00    0.00    0.00   67.86
11:30:33     all   17.44    0.00   31.28    0.00    0.00    0.00    0.00    0.00    0.00   51.28
11:30:34     all   15.93    0.00   29.12    0.00    0.00    0.00    0.00    0.00    0.00   54.95
11:30:35     all   12.50    0.00   22.37    0.00    0.00    0.00    0.00    0.00    0.00   65.13
11:30:36     all    0.00    0.00    0.00    0.00    0.00    0.00    0.00    0.00    0.00  100.00
11:30:37     all   11.69    0.00   23.38    0.00    0.00    0.00    0.00    0.00    0.00   64.94
11:30:38     all   14.38    0.00   20.26    0.00    0.00    0.00    0.00    0.00    0.00   65.36
11:30:39     all   12.18    0.00   23.08    0.00    0.00    0.64    0.00    0.00    0.00   64.10
11:30:40     all    8.88    0.00   13.02    0.00    0.00    0.00    0.00    0.00    0.00   78.11
11:30:41     all    3.76    0.00    6.45    0.00    0.00    0.00    0.00    0.00    0.00   89.78
11:30:42     all   13.92    0.00   24.05    0.00    0.00    0.63    0.00    0.00    0.00   61.39
11:30:43     all   18.12    0.00   25.00    0.00    0.00    0.62    0.00    0.00    0.00   56.25
11:30:44     all   14.72    0.00   24.54    0.00    0.00    0.00    0.00    0.00    0.00   60.74
11:30:45     all    6.11    0.00    8.89    0.00    0.00    0.56    0.00    0.00    0.00   84.44
11:30:46     all    7.22    0.00   11.67    1.11    0.00    0.00    0.00    0.00    0.00   80.00
11:30:47     all   18.56    0.00   30.41    0.00    0.00    0.00    0.00    0.00    0.00   51.03
11:30:48     all   17.53    0.00   31.44    0.00    0.00    0.00    0.00    0.00    0.00   51.03
11:30:49     all   14.92    0.00   29.83    0.00    0.00    0.00    0.00    0.00    0.00   55.25
11:30:50     all    2.11    0.00    3.16    0.00    0.00    0.00    0.00    0.00    0.00   94.74
11:30:51     all   11.70    0.00   21.05    0.00    0.00    0.58    0.00    0.00    0.00   66.67
11:30:52     all    8.33    0.00   26.92    0.00    0.00    0.00    0.00    0.00    0.00   64.74
11:30:53     all    9.55    0.00   27.39    0.00    0.00    0.00    0.00    0.00    0.00   63.06
11:30:54     all   12.27    0.00   26.99    0.00    0.00    0.00    0.00    0.00    0.00   60.74
11:30:55     all    1.53    0.00    1.53    0.00    0.00    0.00    0.00    0.00    0.00   96.94
11:30:56     all   10.76    0.00   20.25    0.00    0.00    0.63    0.00    0.00    0.00   68.35
11:30:57     all   13.29    0.00   24.05    0.00    0.00    0.00    0.00    0.00    0.00   62.66
11:30:58     all   12.26    0.00   23.23    0.00    0.00    0.00    0.00    0.00    0.00   64.52
11:30:59     all   10.93    0.00   22.40    0.00    0.00    0.55    0.00    0.00    0.00   66.12
11:31:00     all    3.11    0.00    5.70    0.00    0.00    0.00    0.00    0.00    0.00   91.19
11:31:01     all   12.42    0.00   22.88    0.00    0.00    0.00    0.00    0.00    0.00   64.71
11:31:02     all   13.55    0.00   21.29    0.00    0.00    0.00    0.00    0.00    0.00   65.16
11:31:03     all   13.64    0.00   22.08    0.00    0.00    0.00    0.00    0.00    0.00   64.29
11:31:04     all    5.03    0.00    8.94    0.00    0.00    0.00    0.00    0.00    0.00   86.03
11:31:05     all    6.29    0.00   11.43    0.00    0.00    0.00    0.00    0.00    0.00   82.29
11:31:06     all   12.74    0.00   22.29    0.00    0.00    0.64    0.00    0.00    0.00   64.33
11:31:07     all   16.84    0.00   30.53    0.00    0.00    0.53    0.00    0.00    0.00   52.11
11:31:08     all   17.01    0.00   31.44    0.00    0.00    0.00    0.00    0.00    0.00   51.55
11:31:09     all    2.03    0.00    4.06    0.00    0.00    0.00    0.00    0.00    0.00   93.91
11:31:10     all   10.78    0.00   22.16    0.00    0.00    0.00    0.00    0.00    0.00   67.07
11:31:11     all   12.99    0.00   21.43    0.00    0.00    0.65    0.00    0.00    0.00   64.94
11:31:12     all   11.69    0.00   23.38    0.00    0.00    0.00    0.00    0.00    0.00   64.94
11:31:13     all    8.54    0.00   18.29    0.00    0.00    0.00    0.00    0.00    0.00   73.17
11:31:14     all    1.59    0.00    4.23    0.00    0.00    0.00    0.00    0.00    0.00   94.18
11:31:15     all   12.34    0.00   22.73    0.00    0.00    0.00    0.00    0.00    0.00   64.94
11:31:16     all   12.26    0.00   23.23    0.00    0.00    0.65    0.00    0.00    0.00   63.87
11:31:17     all   11.69    0.00   23.38    0.00    0.00    0.00    0.00    0.00    0.00   64.94
11:31:18     all    7.30    0.00   10.11    0.00    0.00    0.56    0.00    0.00    0.00   82.02
11:31:19     all   10.82    0.00   13.92    0.00    0.00    0.00    0.00    0.00    0.00   75.26
11:31:20     all   13.95    0.00   28.49    0.00    0.00    0.00    0.00    0.00    0.00   57.56
11:31:21     all   12.99    0.00   23.38    0.00    0.00    0.00    0.00    0.00    0.00   63.64
11:31:22     all   12.26    0.00   23.23    0.00    0.00    0.00    0.00    0.00    0.00   64.52
11:31:23     all    2.11    0.00    3.16    0.00    0.00    0.53    0.00    0.00    0.00   94.21
11:31:24     all    9.15    0.00   17.68    0.00    0.00    0.00    0.00    0.00    0.00   73.17
11:31:25     all   12.42    0.00   22.22    0.00    0.00    0.00    0.00    0.00    0.00   65.36
11:31:26     all   13.07    0.00   22.22    0.00    0.00    0.00    0.00    0.00    0.00   64.71
11:31:27     all   11.88    0.00   17.50    0.00    0.00    0.00    0.00    0.00    0.00   70.62
11:31:28     all    1.03    0.00    2.56    0.00    0.00    0.51    0.00    0.00    0.00   95.90
11:31:29     all   11.04    0.00   24.03    0.00    0.00    0.00    0.00    0.00    0.00   64.94
11:31:30     all   12.50    0.00   21.71    0.00    0.00    0.00    0.00    0.00    0.00   65.79
11:31:31     all   12.99    0.00   22.08    0.00    0.00    0.00    0.00    0.00    0.00   64.94
11:31:32     all    5.14    0.00   11.43    0.00    0.00    0.57    0.00    0.00    0.00   82.86
11:31:33     all    5.59    0.00    8.38    0.00    0.00    0.00    0.00    0.00    0.00   86.03
11:31:34     all   12.99    0.00   22.08    0.00    0.00    0.00    0.00    0.00    0.00   64.94
11:31:35     all   12.42    0.00   22.22    0.00    0.00    0.00    0.00    0.00    0.00   65.36
